MIN=0	0	0	-0.1	0	0	
MAX=15	30	10	13	30	5	
SCALE=5	10	5	5	10	1	
DEC=1	2	2	2	2	2	
DEF="Time" t / s	"Voltage" U_A1 / V	"Voltage" U_B1 / V	"Collector Current" I_A / nA	"Acceleration Voltage" U_2 / V	"Frequency" f / Hz	
0	0.585	-0.045	-0.045	5.85	NAN	
0.1	0.015	-0.04	-0.04	0.15	NAN	
0.2	0.255	-0.015	-0.015	2.55	NAN	
0.3	0.15	-0.03	-0.03	1.5	NAN	
0.4	0.09	-0.035	-0.035	0.9	NAN	
0.5	0.12	-0.04	-0.04	1.2	NAN	
0.6	0.15	-0.03	-0.03	1.5	NAN	
0.7	0.18	-0.03	-0.03	1.8	NAN	
0.8	0.195	-0.02	-0.02	1.95	NAN	
0.9	0.225	-0.03	-0.03	2.25	NAN	
1	0.255	-0.025	-0.025	2.55	NAN	
1.1	0.285	-0.02	-0.02	2.85	NAN	
1.2	0.315	-0.01	-0.01	3.15	NAN	
1.3	0.345	0.015	0.015	3.45	NAN	
1.4	0.36	0.045	0.045	3.6	NAN	
1.5	0.375	0.2	0.2	3.75	NAN	
1.6	0.405	0.41	0.41	4.05	NAN	
1.7	0.435	0.635	0.635	4.35	NAN	
1.8	0.465	0.93	0.93	4.65	NAN	
1.9	0.495	1.115	1.115	4.95	NAN	
2	0.51	1.24	1.24	5.1	NAN	
2.1	0.54	1.005	1.005	5.4	NAN	
2.2	0.57	0.63	0.63	5.7	NAN	
2.3	0.6	0.25	0.25	6	NAN	
2.4	0.63	0.06	0.06	6.3	NAN	
2.5	0.66	0.005	0.005	6.6	NAN	
2.6	0.675	-0.005	-0.005	6.75	NAN	
2.7	0.705	-0.01	-0.01	7.05	NAN	
2.8	0.72	-0.02	-0.02	7.2	NAN	
2.9	0.75	0	0	7.5	NAN	
3	0.78	0.06	0.06	7.8	NAN	
3.1	0.81	0.2	0.2	8.1	NAN	
3.2	0.825	0.455	0.455	8.25	NAN	
3.3	0.855	0.765	0.765	8.55	NAN	
3.4	0.885	1.11	1.11	8.85	NAN	
3.5	0.915	1.59	1.59	9.15	NAN	
3.6	0.945	2.16	2.16	9.45	NAN	
3.7	0.96	2.755	2.755	9.6	NAN	
3.8	0.99	2.99	2.99	9.9	NAN	
3.9	1.02	2.925	2.925	10.2	NAN	
4	1.05	2.245	2.245	10.5	NAN	
4.1	1.08	1.57	1.57	10.8	NAN	
4.2	1.095	0.785	0.785	10.95	NAN	
4.3	1.11	0.345	0.345	11.1	NAN	
4.4	1.14	0.09	0.09	11.4	NAN	
4.5	1.17	0.02	0.02	11.7	NAN	
4.6	1.2	0.01	0.01	12	NAN	
4.7	1.23	0.025	0.025	12.3	NAN	
4.8	1.245	0.075	0.075	12.45	NAN	
4.9	1.275	0.31	0.31	12.75	NAN	
5	1.305	0.615	0.615	13.05	NAN	
5.1	1.335	1.055	1.055	13.35	NAN	
5.2	1.365	1.575	1.575	13.65	NAN	
5.3	1.38	2.225	2.225	13.8	NAN	
5.4	1.41	3.06	3.06	14.1	NAN	
5.5	1.425	3.665	3.665	14.25	NAN	
5.6	1.455	4.675	4.675	14.55	NAN	
5.7	1.485	4.96	4.96	14.85	NAN	
5.8	1.5	4.73	4.73	15	NAN	
5.9	1.53	3.885	3.885	15.3	NAN	
6	1.56	2.925	2.925	15.6	NAN	
6.1	1.59	1.885	1.885	15.9	NAN	
6.2	1.62	1.145	1.145	16.2	NAN	
6.3	1.635	0.6	0.6	16.35	NAN	
6.4	1.665	0.24	0.24	16.65	NAN	
6.5	1.695	0.15	0.15	16.95	NAN	
6.6	1.725	0.14	0.14	17.25	NAN	
6.7	1.755	0.31	0.31	17.55	NAN	
6.8	1.77	0.515	0.515	17.7	NAN	
6.9	1.785	0.92	0.92	17.85	NAN	
7	1.815	1.445	1.445	18.15	NAN	
7.1	1.845	2.21	2.21	18.45	NAN	
7.2	1.875	2.945	2.945	18.75	NAN	
7.3	1.905	3.88	3.88	19.05	NAN	
7.4	1.92	4.995	4.995	19.2	NAN	
7.5	1.95	5.83	5.83	19.5	NAN	
7.6	1.98	6.6	6.6	19.8	NAN	
7.7	2.01	6.67	6.67	20.1	NAN	
7.8	2.025	6.115	6.115	20.25	NAN	
7.9	2.055	5.14	5.14	20.55	NAN	
8	2.085	4.05	4.05	20.85	NAN	
8.1	2.1	2.855	2.855	21	NAN	
8.2	2.13	1.975	1.975	21.3	NAN	
8.3	2.145	1.29	1.29	21.45	NAN	
8.4	2.175	0.915	0.915	21.75	NAN	
8.5	2.205	0.755	0.755	22.05	NAN	
8.6	2.235	0.8	0.8	22.35	NAN	
8.7	2.265	1	1	22.65	NAN	
8.8	2.28	1.365	1.365	22.8	NAN	
8.9	2.31	1.895	1.895	23.1	NAN	
9	2.34	2.635	2.635	23.4	NAN	
9.1	2.37	3.55	3.55	23.7	NAN	
9.2	2.4	4.635	4.635	24	NAN	
9.3	2.415	5.68	5.68	24.15	NAN	
9.4	2.43	6.98	6.98	24.3	NAN	
9.5	2.46	7.715	7.715	24.6	NAN	
9.6	2.49	8.345	8.345	24.9	NAN	
9.7	2.52	8.12	8.12	25.2	NAN	
9.8	2.535	7.525	7.525	25.35	NAN	
9.9	2.565	6.56	6.56	25.65	NAN	
10	2.595	5.55	5.55	25.95	NAN	
10.1	2.625	4.375	4.375	26.25	NAN	
10.2	2.655	3.46	3.46	26.55	NAN	
10.3	2.67	2.86	2.86	26.7	NAN	
10.4	2.7	2.38	2.38	27	NAN	
10.5	2.73	2.125	2.125	27.3	NAN	
10.6	2.745	2.075	2.075	27.45	NAN	
10.7	2.775	2.26	2.26	27.75	NAN	
10.8	2.79	2.605	2.605	27.9	NAN	
10.9	2.82	3.235	3.235	28.2	NAN	
11	2.85	4.085	4.085	28.5	NAN	
11.1	2.88	5.165	5.165	28.8	NAN	
11.2	2.91	6.36	6.36	29.1	NAN	
11.3	2.925	7.66	7.66	29.25	NAN	
11.4	2.955	8.695	8.695	29.55	NAN	
11.5	2.985	9.6	9.6	29.85	NAN	
11.6	3.015	10.245	10.245	30.15	NAN	
11.7	3.045	10.1	10.1	30.45	NAN	
11.8	3.06	9.76	9.76	30.6	NAN	
11.9	3.075	8.845	8.845	30.75	NAN	
12	3.105	8.135	8.135	31.05	NAN	
12.1	3.135	7.055	7.055	31.35	NAN	
12.2	3.165	6.185	6.185	31.65	NAN	
12.3	3.18	5.485	5.485	31.8	NAN	
12.4	3.195	5.595	5.595	31.95	NAN	
12.5	3.195	5.58	5.58	31.95	NAN	
12.6	3.195	5.625	5.625	31.95	NAN	
12.7	3.195	5.615	5.615	31.95	NAN	
12.8	3.195	5.62	5.62	31.95	NAN	
12.9	3.195	5.6	5.6	31.95	NAN	
13	3.195	5.625	5.625	31.95	NAN	
13.1	3.195	5.68	5.68	31.95	NAN	
13.2	3.195	5.635	5.635	31.95	NAN	
13.3	3.195	5.61	5.61	31.95	NAN	
13.4	3.195	5.725	5.725	31.95	NAN	
13.5	3.195	5.78	5.78	31.95	NAN	
13.6	3.195	5.78	5.78	31.95	NAN	
13.7	3.195	5.815	5.815	31.95	NAN	
13.8	3.195	5.72	5.72	31.95	NAN	
13.9	3.195	5.84	5.84	31.95	NAN	
14	3.195	5.74	5.74	31.95	NAN	
14.1	3.195	5.84	5.84	31.95	NAN	
14.2	3.195	5.82	5.82	31.95	NAN	
14.3	3.195	5.73	5.73	31.95	NAN	
14.4	3.195	5.93	5.93	31.95	NAN	
14.5	3.195	5.82	5.82	31.95	NAN	
14.6	3.195	5.82	5.82	31.95	NAN	
14.7	3.195	5.805	5.805	31.95	NAN	
14.8	3.195	5.805	5.805	31.95	NAN	
14.9	3.195	5.8	5.8	31.95	NAN	
15	3.195	5.82	5.82	31.95	NAN	
