MIN=0	0	0	-0.1	0	0	
MAX=15	30	10	13	30	5	
SCALE=5	10	5	5	10	1	
DEC=1	2	2	2	2	2	
DEF="Time" t / s	"Voltage" U_A1 / V	"Voltage" U_B1 / V	"Collector Current" I_A / nA	"Acceleration Voltage" U_2 / V	"Frequency" f / Hz	
0	0.375	-0.055	-0.055	3.75	NAN	
0.1	0.135	0.55	0.55	1.35	NAN	
0.201	0.18	-0.025	-0.025	1.8	NAN	
0.301	0.06	-0.01	-0.01	0.6	NAN	
0.401	0.09	-0.01	-0.01	0.9	NAN	
0.501	0.12	-0.005	-0.005	1.2	NAN	
0.601	0.225	-0.015	-0.015	2.25	NAN	
0.701	0.165	-0.015	-0.015	1.65	NAN	
0.801	0.195	0.005	0.005	1.95	NAN	
0.901	0.225	-0.01	-0.01	2.25	NAN	
1.001	0.255	0.01	0.01	2.55	NAN	
1.101	0.285	0.015	0.015	2.85	NAN	
1.201	0.3	0	0	3	NAN	
1.301	0.33	0.02	0.02	3.3	NAN	
1.401	0.36	0.05	0.05	3.6	NAN	
1.501	0.39	0.15	0.15	3.9	NAN	
1.601	0.405	0.24	0.24	4.05	NAN	
1.701	0.435	0.44	0.44	4.35	NAN	
1.801	0.45	0.635	0.635	4.5	NAN	
1.901	0.48	0.825	0.825	4.8	NAN	
2.001	0.51	0.94	0.94	5.1	NAN	
2.101	0.54	0.87	0.87	5.4	NAN	
2.201	0.57	0.615	0.615	5.7	NAN	
2.301	0.585	0.405	0.405	5.85	NAN	
2.401	0.615	0.25	0.25	6.15	NAN	
2.501	0.645	0.12	0.12	6.45	NAN	
2.601	0.675	0.065	0.065	6.75	NAN	
2.701	0.705	0.045	0.045	7.05	NAN	
2.801	0.72	0.035	0.035	7.2	NAN	
2.901	0.75	0.07	0.07	7.5	NAN	
3.001	0.765	0.115	0.115	7.65	NAN	
3.101	0.795	0.225	0.225	7.95	NAN	
3.201	0.825	0.41	0.41	8.25	NAN	
3.301	0.855	0.615	0.615	8.55	NAN	
3.401	0.87	0.935	0.935	8.7	NAN	
3.501	0.9	1.25	1.25	9	NAN	
3.601	0.93	1.675	1.675	9.3	NAN	
3.701	0.96	2.085	2.085	9.6	NAN	
3.801	0.99	2.375	2.375	9.9	NAN	
3.901	1.005	2.32	2.32	10.05	NAN	
4.001	1.035	1.86	1.86	10.35	NAN	
4.101	1.065	1.26	1.26	10.65	NAN	
4.201	1.095	0.765	0.765	10.95	NAN	
4.301	1.11	0.4	0.4	11.1	NAN	
4.401	1.125	0.2	0.2	11.25	NAN	
4.501	1.155	0.135	0.135	11.55	NAN	
4.601	1.185	0.095	0.095	11.85	NAN	
4.701	1.215	0.11	0.11	12.15	NAN	
4.801	1.245	0.185	0.185	12.45	NAN	
4.901	1.26	0.35	0.35	12.6	NAN	
5.001	1.29	0.565	0.565	12.9	NAN	
5.101	1.32	0.9	0.9	13.2	NAN	
5.201	1.35	1.34	1.34	13.5	NAN	
5.301	1.38	1.815	1.815	13.8	NAN	
5.401	1.395	2.435	2.435	13.95	NAN	
5.501	1.425	3.105	3.105	14.25	NAN	
5.601	1.44	3.7	3.7	14.4	NAN	
5.701	1.47	4.03	4.03	14.7	NAN	
5.801	1.5	3.835	3.835	15	NAN	
5.901	1.515	3.08	3.08	15.15	NAN	
6.001	1.545	2.175	2.175	15.45	NAN	
6.101	1.575	1.38	1.38	15.75	NAN	
6.201	1.605	0.81	0.81	16.05	NAN	
6.301	1.635	0.43	0.43	16.35	NAN	
6.401	1.65	0.245	0.245	16.5	NAN	
6.501	1.68	0.17	0.17	16.8	NAN	
6.601	1.71	0.195	0.195	17.1	NAN	
6.701	1.74	0.385	0.385	17.4	NAN	
6.801	1.77	0.625	0.625	17.7	NAN	
6.901	1.785	0.975	0.975	17.85	NAN	
7.001	1.8	1.455	1.455	18	NAN	
7.101	1.83	2.015	2.015	18.3	NAN	
7.201	1.86	2.71	2.71	18.6	NAN	
7.301	1.89	3.515	3.515	18.9	NAN	
7.401	1.92	4.385	4.385	19.2	NAN	
7.501	1.935	5.175	5.175	19.35	NAN	
7.601	1.965	5.645	5.645	19.65	NAN	
7.701	1.995	5.48	5.48	19.95	NAN	
7.801	2.025	4.755	4.755	20.25	NAN	
7.901	2.04	3.675	3.675	20.4	NAN	
8.001	2.07	2.66	2.66	20.7	NAN	
8.101	2.1	1.74	1.74	21	NAN	
8.201	2.115	1.095	1.095	21.15	NAN	
8.301	2.145	0.66	0.66	21.45	NAN	
8.401	2.16	0.465	0.465	21.6	NAN	
8.501	2.19	0.43	0.43	21.9	NAN	
8.601	2.22	0.56	0.56	22.2	NAN	
8.701	2.25	0.82	0.82	22.5	NAN	
8.801	2.28	1.235	1.235	22.8	NAN	
8.901	2.295	1.785	1.785	22.95	NAN	
9.001	2.325	2.495	2.495	23.25	NAN	
9.101	2.355	3.325	3.325	23.55	NAN	
9.201	2.385	4.28	4.28	23.85	NAN	
9.301	2.415	5.32	5.32	24.15	NAN	
9.401	2.415	6.28	6.28	24.15	NAN	
9.501	2.445	6.945	6.945	24.45	NAN	
9.601	2.475	7.065	7.065	24.75	NAN	
9.701	2.505	6.585	6.585	25.05	NAN	
9.801	2.535	5.67	5.67	25.35	NAN	
9.901	2.55	4.535	4.535	25.5	NAN	
10.001	2.58	3.365	3.365	25.8	NAN	
10.101	2.61	2.38	2.38	26.1	NAN	
10.201	2.64	1.685	1.685	26.4	NAN	
10.301	2.67	1.215	1.215	26.7	NAN	
10.401	2.685	0.995	0.995	26.85	NAN	
10.501	2.715	0.97	0.97	27.15	NAN	
10.601	2.745	1.125	1.125	27.45	NAN	
10.701	2.76	1.475	1.475	27.6	NAN	
10.801	2.79	2.02	2.02	27.9	NAN	
10.901	2.805	2.73	2.73	28.05	NAN	
11.001	2.835	3.615	3.615	28.35	NAN	
11.101	2.865	4.705	4.705	28.65	NAN	
11.201	2.895	5.85	5.85	28.95	NAN	
11.301	2.91	7.02	7.02	29.1	NAN	
11.401	2.94	7.93	7.93	29.4	NAN	
11.501	2.97	8.43	8.43	29.7	NAN	
11.601	3	8.375	8.375	30	NAN	
11.701	3.03	7.83	7.83	30.3	NAN	
11.801	3.045	6.88	6.88	30.45	NAN	
11.901	3.075	5.705	5.705	30.75	NAN	
12.001	3.09	4.56	4.56	30.9	NAN	
12.101	3.12	3.535	3.535	31.2	NAN	
12.201	3.15	2.735	2.735	31.5	NAN	
12.301	3.165	2.205	2.205	31.65	NAN	
12.401	3.195	2.095	2.095	31.95	NAN	
12.501	3.195	2.105	2.105	31.95	NAN	
12.601	3.195	2.115	2.115	31.95	NAN	
12.701	3.195	2.105	2.105	31.95	NAN	
12.801	3.195	2.105	2.105	31.95	NAN	
12.901	3.195	2.09	2.09	31.95	NAN	
13.001	3.195	2.09	2.09	31.95	NAN	
13.101	3.195	2.095	2.095	31.95	NAN	
13.201	3.195	2.095	2.095	31.95	NAN	
13.301	3.195	2.1	2.1	31.95	NAN	
13.401	3.195	2.095	2.095	31.95	NAN	
13.501	3.195	2.1	2.1	31.95	NAN	
13.601	3.195	2.09	2.09	31.95	NAN	
13.701	3.195	2.105	2.105	31.95	NAN	
13.801	3.195	2.105	2.105	31.95	NAN	
13.901	3.195	2.105	2.105	31.95	NAN	
14.001	3.195	2.1	2.1	31.95	NAN	
14.101	3.195	2.09	2.09	31.95	NAN	
14.201	3.195	2.09	2.09	31.95	NAN	
14.301	3.195	2.09	2.09	31.95	NAN	
14.401	3.195	2.09	2.09	31.95	NAN	
14.501	3.195	2.065	2.065	31.95	NAN	
14.601	3.195	2.085	2.085	31.95	NAN	
14.701	3.195	2.08	2.08	31.95	NAN	
14.801	3.195	2.085	2.085	31.95	NAN	
14.901	3.195	2.09	2.09	31.95	NAN	
