U2 (V)	I_A (nA)
0.0	0.01
0.0	-0.01
0.0	-0.005
0.0	-0.005
0.0	-0.005
0.0	-0.005
0.0	0.0
4.65	0.19
0.45	-0.045
2.4	-0.015
1.2	-0.025
1.35	0.01
1.2	0.005
1.5	0.0
1.95	0.005
1.95	0.005
2.25	0.01
2.55	0.01
2.85	0.02
3.0	0.035
3.3	0.065
3.6	0.13
3.9	0.235
4.2	0.4
4.35	0.605
4.65	0.835
4.95	1.06
5.25	1.145
5.55	1.0
5.7	0.765
5.85	0.51
6.15	0.31
6.45	0.17
6.75	0.095
7.05	0.06
7.2	0.06
7.5	0.1
7.8	0.165
8.1	0.335
9.3	0.675
8.7	0.805
8.85	1.195
9.0	1.605
9.3	2.1
9.6	2.605
9.9	2.91
10.05	2.755
10.35	2.13
10.65	1.39
10.95	0.8
11.25	0.42
11.4	0.23
11.7	0.1
12.0	0.095
12.3	0.12
12.45	0.255
12.75	0.485
12.9	0.825
13.2	1.25
13.5	1.755
13.8	2.39
14.1	3.14
14.25	3.9
14.55	4.61
14.85	4.865
15.15	4.445
15.3	3.475
15.6	2.32
15.75	1.44
16.05	0.8
16.35	0.43
16.65	0.235
16.8	0.175
17.1	0.285
17.4	0.505
17.7	0.83
18.0	1.305
18.15	1.93
18.45	2.68
18.75	3.595
19.05	4.58
19.2	5.615
19.35	6.42
19.65	6.795
19.95	6.36
20.25	5.285
20.55	4.0
20.7	2.74
21.0	1.78
21.3	1.02
21.6	0.615
21.9	0.5
22.05	0.49
22.35	0.7
22.5	1.12
22.8	1.555
23.1	2.37
23.25	3.275
23.55	4.41
23.85	5.555
24.15	6.875
24.45	7.995
24.6	8.625
24.9	8.42
25.2	7.62
25.5	6.445
25.65	4.83
25.8	3.615
26.1	2.515
26.4	1.68
26.7	1.275
27.0	1.1
27.15	1.11
27.45	1.42
27.75	1.93
28.05	2.67
28.35	3.64
28.5	4.825
28.8	6.135
28.95	7.66
29.25	8.945
29.55	9.93
29.7	10.245
30.0	10.045
30.3	9.205
30.6	7.825
30.75	6.415
31.05	4.99
31.35	3.79
31.65	2.94
31.95	2.54
31.95	2.54
31.95	2.53
31.95	2.525
31.95	2.54
31.95	2.555
31.95	2.52
31.95	2.54
31.95	2.55
31.95	2.54
31.95	2.59
31.95	2.615
31.95	2.545
31.95	2.54
31.95	2.54
31.95	2.525
31.95	2.485
31.95	2.545
