U2 (V)	I_A (nA)
2.1	-0.005
1.2	-0.03
0.9	-0.03
1.2	-0.04
1.5	0.105
2.1	-0.04
1.95	-0.015
2.25	-0.015
2.55	-0.015
2.85	-0.01
3.0	0.01
3.3	0.035
3.6	0.085
3.9	0.2
4.05	0.33
4.2	0.585
4.5	0.82
4.8	1.09
5.1	1.235
5.4	1.06
5.55	0.745
5.85	0.435
6.15	0.21
6.45	0.075
6.75	0.025
6.9	0.015
7.2	0.0
7.35	0.015
7.65	0.06
7.95	0.2
8.25	0.47
8.4	0.775
8.7	1.165
9.0	1.63
9.3	2.145
9.6	2.7
9.75	3.14
10.05	3.065
10.35	2.45
10.65	1.635
10.8	0.9
10.95	0.48
11.25	0.175
11.55	0.06
11.85	0.03
12.15	0.05
12.3	0.14
12.6	0.355
12.9	0.68
13.2	1.03
13.5	1.6
13.65	2.2
13.95	2.95
14.25	3.995
14.4	4.76
14.7	5.32
14.85	5.22
15.15	4.405
15.45	3.24
15.75	2.135
16.05	1.235
16.2	0.625
16.5	0.29
16.8	0.15
17.1	0.175
17.4	0.35
17.55	0.675
17.7	1.07
18.0	1.62
18.3	2.405
18.6	3.225
18.75	4.245
19.05	5.47
19.35	6.53
19.65	7.335
19.95	7.485
20.1	6.82
20.4	5.685
20.7	4.365
20.85	2.99
21.15	1.96
21.3	1.235
21.6	0.81
21.9	0.655
22.2	0.715
22.5	0.965
22.65	1.365
22.95	2.06
23.25	2.935
23.55	3.975
23.7	5.12
24.0	6.565
24.15	7.855
24.45	9.135
24.75	9.61
24.9	9.51
25.2	8.775
25.5	7.525
25.8	5.93
26.1	4.57
26.25	3.38
26.55	2.51
26.85	1.98
27.15	1.78
27.45	1.8
27.45	2.055
27.75	2.67
28.05	3.39
28.35	4.46
28.65	5.76
28.8	7.26
29.1	8.88
29.4	10.245
29.7	10.245
29.85	10.245
30.15	10.245
30.45	10.245
30.75	10.115
30.9	8.625
31.05	7.21
31.35	5.945
31.65	4.985
31.95	4.7
31.95	4.71
31.95	4.71
31.95	4.725
31.95	4.72
31.95	4.735
31.95	4.705
31.95	4.715
31.95	4.755
31.95	4.77
31.95	4.795
31.95	4.705
31.95	4.785
31.95	4.74
31.95	4.78
31.95	4.78
31.95	4.8
31.95	4.795
31.95	4.805
31.95	4.8
31.95	4.82
31.95	4.75
31.95	4.84
31.95	4.83
31.95	4.835
31.95	4.765
31.95	4.82
