U2 (V)	I_A (nA)
0.0	-0.005
0.0	-0.005
6.6	-0.01
0.15	0.67
2.85	-0.02
1.35	-0.055
1.05	0.0
1.35	0.005
1.5	0.0
1.8	0.0
2.1	0.005
2.4	0.005
2.7	0.01
3.15	0.025
3.15	0.04
3.3	0.08
3.6	0.185
3.9	0.33
4.2	0.475
4.5	0.725
4.65	0.94
4.95	1.17
5.25	1.185
5.55	0.975
5.85	0.635
6.0	0.365
6.3	0.175
6.45	0.105
6.75	0.055
7.05	0.04
7.35	0.055
7.5	0.095
7.8	0.195
8.1	0.36
8.4	0.585
8.7	0.885
8.85	1.245
9.15	1.66
9.45	2.14
9.75	2.595
10.05	2.85
10.2	2.605
10.35	2.0
10.65	1.31
10.95	0.765
11.25	0.41
11.55	0.2
11.7	0.105
12.0	0.09
12.3	0.135
12.6	0.26
12.9	0.46
13.05	0.765
13.35	1.14
13.5	1.61
13.8	2.165
14.1	2.82
14.4	3.525
14.55	4.145
14.85	4.435
15.15	4.18
15.45	3.44
15.75	2.505
15.9	1.67
16.2	1.03
16.5	0.59
16.8	0.36
16.95	0.265
17.1	0.335
17.4	0.465
17.7	0.715
18.0	1.1
18.3	1.59
18.45	2.22
18.75	2.96
19.05	3.81
19.35	4.715
19.5	5.535
19.8	6.03
20.1	5.91
20.25	5.35
20.55	4.46
20.85	3.415
21.0	2.42
21.3	1.68
21.6	1.17
21.9	0.88
22.2	0.79
22.35	0.825
22.65	1.055
22.95	1.425
23.25	1.94
23.55	2.65
23.55	3.48
23.85	4.485
24.15	5.525
24.45	6.55
24.75	7.315
24.9	7.645
25.2	7.44
25.5	6.775
25.8	5.79
26.1	4.7
26.25	3.735
26.55	2.94
26.7	2.355
27.0	2.005
27.3	1.83
27.45	1.855
27.75	2.06
28.05	2.475
28.35	3.12
28.65	3.945
28.8	4.945
29.1	6.09
29.4	7.245
29.7	8.305
29.85	9.065
30.0	9.395
30.3	9.215
30.6	8.66
30.9	7.895
31.2	6.94
31.35	6.01
31.65	5.175
31.95	4.815
31.95	4.795
31.95	4.795
31.95	4.81
31.95	4.835
31.95	4.815
31.95	4.805
31.95	4.855
31.95	4.82
31.95	4.81
31.95	4.83
31.95	4.835
31.95	4.845
31.95	4.85
31.95	4.815
31.95	4.82
31.95	4.85
31.95	4.84
31.95	4.85
31.95	4.845
31.95	4.865
31.95	4.84
31.95	4.85
31.95	4.82
