U2 (V)	I_A (nA)
2.25	-0.02
2.1	-0.04
1.2	-0.015
1.5	-0.005
1.35	0.0
1.5	-0.01
1.65	0.01
1.95	-0.005
2.1	0.005
2.4	0.015
2.7	0.02
3.0	0.035
3.3	0.075
3.45	0.15
3.75	0.275
4.05	0.46
4.35	0.705
4.65	0.97
4.95	1.24
4.95	1.35
5.25	1.155
5.55	0.825
5.85	0.495
6.15	0.255
6.3	0.125
6.6	0.055
7.05	0.055
7.35	0.065
7.5	0.08
7.8	0.21
8.1	0.36
8.25	0.57
8.55	0.82
8.7	1.265
9.0	1.64
9.3	2.155
9.45	2.66
9.75	3.07
10.05	3.085
10.35	2.605
10.5	1.84
10.8	1.14
11.1	0.64
11.4	0.355
11.7	0.18
11.85	0.17
12.0	0.125
12.45	0.235
12.75	0.505
13.05	0.865
13.35	1.395
13.5	2.025
13.8	2.735
14.1	3.375
14.25	3.94
14.55	4.525
14.7	4.875
15.0	4.925
15.3	4.365
15.45	3.45
15.6	2.355
15.9	1.6
16.2	0.93
16.5	0.555
16.8	0.355
17.1	0.325
17.25	0.44
17.55	0.61
17.85	0.945
18.15	1.4
18.3	1.995
18.6	2.735
18.75	3.61
19.05	4.585
19.35	5.53
19.5	6.315
19.8	6.675
20.1	6.4
20.4	5.62
20.7	4.56
20.85	3.41
21.15	2.43
21.45	1.705
21.75	1.235
21.9	0.99
22.05	0.915
22.35	1.01
22.65	1.28
22.95	1.72
23.25	2.33
23.4	3.135
23.7	4.09
24.0	5.14
24.3	6.26
24.45	7.37
24.75	8.075
25.05	8.23
25.2	7.905
25.5	7.195
25.65	6.085
25.95	4.95
26.25	3.935
26.55	3.15
26.85	2.585
27.0	2.23
27.3	2.065
27.6	2.145
27.9	2.385
28.2	2.88
28.35	3.615
28.5	4.53
28.8	5.675
29.1	6.885
29.4	8.045
29.55	9.155
29.85	9.88
30.15	10.135
30.45	9.91
30.75	9.255
30.9	8.385
31.2	7.41
31.5	6.48
31.8	5.68
31.95	5.435
31.95	5.49
31.95	5.435
31.95	5.44
31.95	5.445
31.95	5.42
31.95	5.41
31.95	5.425
31.95	5.425
31.95	5.47
31.95	5.46
31.95	5.46
31.95	5.495
31.95	5.455
31.95	5.45
31.95	5.455
31.95	5.46
31.95	5.445
31.95	5.465
31.95	5.475
31.95	5.47
31.95	5.47
31.95	5.475
31.95	5.47
31.95	5.465
31.95	5.475
31.95	5.475
