U2 (V)	I_A (nA)
0.6	0.03
0.6	0.03
0.9	0.04
1.2	0.04
1.5	0.03
1.65	0.045
1.95	0.05
2.25	0.05
2.55	0.05
2.85	0.065
3.0	0.09
3.3	0.13
3.6	0.22
3.75	0.355
4.05	0.515
4.35	0.705
4.5	0.93
4.8	1.19
5.1	1.28
5.4	1.105
5.7	0.835
5.85	0.53
6.15	0.33
6.45	0.205
6.75	0.13
7.05	0.105
7.2	0.095
7.35	0.12
7.65	0.225
7.95	0.37
8.25	0.595
8.55	0.865
8.7	1.22
9.0	1.64
9.3	2.125
9.6	2.63
9.75	2.98
10.05	2.91
10.35	2.36
10.65	1.6
10.8	1.0
11.1	0.53
11.25	0.315
11.55	0.185
11.85	0.14
12.15	0.16
12.45	0.28
12.6	0.48
12.9	0.755
13.2	1.14
13.5	1.62
13.8	2.205
13.95	2.89
14.1	3.675
14.4	4.44
14.7	4.89
15.0	4.76
15.15	4.01
15.45	2.985
15.75	2.01
16.05	1.255
16.35	0.73
16.5	0.42
16.8	0.3
17.1	0.315
17.4	0.46
17.55	0.7
17.7	1.08
18.0	1.59
18.3	2.23
18.6	3.005
18.9	3.93
19.05	4.905
19.35	5.88
19.65	6.53
19.95	6.695
20.1	6.085
20.4	5.07
20.7	3.9
20.85	2.775
21.15	1.84
21.3	1.24
21.6	0.875
21.9	0.735
22.2	0.77
22.5	0.965
22.65	1.35
22.95	1.9
23.25	2.62
23.55	3.52
23.85	4.555
24.0	5.765
24.15	6.905
24.45	7.865
24.75	8.39
25.05	8.19
25.2	7.6
25.5	6.51
25.8	5.195
26.1	4.045
26.4	3.05
26.55	2.31
26.85	1.855
27.15	1.655
27.3	1.645
27.6	1.855
27.9	2.29
28.05	2.945
28.35	3.835
28.65	4.915
28.95	6.165
29.1	7.465
29.4	8.705
29.7	9.645
30.0	10.005
30.3	9.925
30.45	9.35
30.6	8.33
30.9	7.165
31.2	6.04
31.5	4.98
31.65	4.23
31.95	4.07
31.95	4.065
31.95	4.085
31.95	4.08
31.95	4.075
31.95	4.09
31.95	4.1
31.95	4.14
31.95	4.095
31.95	4.12
31.95	4.085
31.95	4.105
31.95	4.115
31.95	4.11
31.95	4.125
31.95	4.135
31.95	4.125
31.95	4.135
31.95	4.11
31.95	4.12
31.95	4.115
31.95	4.125
31.95	4.11
31.95	4.115
31.95	4.115
31.95	4.13
