U2 (V)	I_A (nA)
2.4	0.085
2.7	0.035
2.7	0.02
2.7	0.05
2.85	0.045
3.15	0.07
3.3	0.11
3.6	0.185
3.75	0.305
4.05	0.485
4.35	0.685
4.65	0.935
4.8	1.145
5.1	1.275
5.25	1.21
5.55	0.975
5.7	0.68
6.0	0.455
6.3	0.27
6.6	0.16
6.75	0.12
7.05	0.08
7.35	0.07
7.5	0.105
7.8	0.17
8.1	0.325
8.25	0.53
8.55	0.795
8.7	1.115
9.0	1.555
9.3	2.035
9.6	2.665
9.75	3.035
10.05	2.995
10.35	2.71
10.5	2.03
10.8	1.355
10.95	0.76
11.25	0.425
11.55	0.23
11.85	0.15
11.85	0.105
12.15	0.115
12.45	0.23
12.75	0.435
12.9	0.715
13.2	1.14
13.5	1.58
13.65	2.3
14.1	3.11
14.25	3.94
14.55	4.61
14.85	5.045
15.0	4.985
15.15	4.035
15.45	2.945
15.75	1.93
16.05	1.31
16.35	0.89
16.5	0.4
16.8	0.27
17.1	0.225
17.4	0.37
17.55	0.57
17.85	1.0
18.15	1.545
18.45	2.22
18.45	2.895
18.75	3.85
19.05	4.785
19.35	6.05
19.65	6.765
19.8	6.965
20.1	6.445
20.4	5.875
20.55	4.8
20.85	3.26
21.15	2.255
21.45	1.5
21.75	0.955
21.75	0.76
22.05	0.705
22.35	0.8
22.65	1.07
22.95	1.64
23.1	2.265
23.4	3.12
23.7	4.215
24.0	5.635
24.3	6.86
24.45	7.85
24.75	8.715
24.9	8.885
25.05	8.51
25.35	7.58
25.65	6.31
25.95	5.025
26.1	3.84
26.4	2.94
26.7	2.215
27.0	1.84
27.3	1.63
27.45	1.675
27.75	1.965
28.05	2.46
28.2	3.24
28.5	4.33
28.65	5.56
28.8	7.065
29.25	7.505
29.55	10.025
29.7	10.24
30.0	10.245
30.3	10.245
30.6	9.815
30.9	8.335
31.05	7.59
31.2	6.985
31.35	5.98
31.5	5.485
31.65	5.095
31.8	4.88
31.8	4.755
31.8	4.77
31.8	4.785
31.8	4.755
31.8	4.8
31.8	4.76
31.8	4.75
31.8	4.77
31.8	4.775
31.8	4.78
31.8	4.795
31.8	4.79
31.8	4.8
31.8	4.795
31.8	4.795
31.8	4.765
31.8	4.795
31.8	4.8
31.8	4.795
31.8	4.805
31.8	4.795
31.8	4.755
31.8	4.795
31.8	4.845
31.8	4.82
31.8	4.835
31.8	4.84
