MIN=0	0	0	-0.1	0	0	
MAX=15	30	10	13	30	5	
SCALE=5	10	5	5	10	1	
DEC=1	2	2	2	2	2	
DEF="Time" t / s	"Voltage" U_A1 / V	"Voltage" U_B1 / V	"Collector Current" I_A / nA	"Acceleration Voltage" U_2 / V	"Frequency" f / Hz	
0	0.105	0	0	1.05	NAN	
0.1	0.075	-0.015	-0.015	0.75	NAN	
0.2	0	0.01	0.01	0	NAN	
0.3	0	-0.01	-0.01	0	NAN	
0.401	0	-0.005	-0.005	0	NAN	
0.501	0	-0.005	-0.005	0	NAN	
0.601	0	-0.005	-0.005	0	NAN	
0.701	0	-0.005	-0.005	0	NAN	
0.801	0	0	0	0	NAN	
0.901	0.465	0.19	0.19	4.65	NAN	
1.001	0.045	-0.045	-0.045	0.45	NAN	
1.101	0.24	-0.015	-0.015	2.4	NAN	
1.201	0.12	-0.025	-0.025	1.2	NAN	
1.301	0.135	0.01	0.01	1.35	NAN	
1.401	0.12	0.005	0.005	1.2	NAN	
1.501	0.15	0	0	1.5	NAN	
1.601	0.195	0.005	0.005	1.95	NAN	
1.701	0.195	0.005	0.005	1.95	NAN	
1.801	0.225	0.01	0.01	2.25	NAN	
1.901	0.255	0.01	0.01	2.55	NAN	
2.001	0.285	0.02	0.02	2.85	NAN	
2.101	0.3	0.035	0.035	3	NAN	
2.201	0.33	0.065	0.065	3.3	NAN	
2.301	0.36	0.13	0.13	3.6	NAN	
2.401	0.39	0.235	0.235	3.9	NAN	
2.501	0.42	0.4	0.4	4.2	NAN	
2.601	0.435	0.605	0.605	4.35	NAN	
2.701	0.465	0.835	0.835	4.65	NAN	
2.801	0.495	1.06	1.06	4.95	NAN	
2.901	0.525	1.145	1.145	5.25	NAN	
3.001	0.555	1	1	5.55	NAN	
3.101	0.57	0.765	0.765	5.7	NAN	
3.201	0.585	0.51	0.51	5.85	NAN	
3.301	0.615	0.31	0.31	6.15	NAN	
3.401	0.645	0.17	0.17	6.45	NAN	
3.501	0.675	0.095	0.095	6.75	NAN	
3.601	0.705	0.06	0.06	7.05	NAN	
3.701	0.72	0.06	0.06	7.2	NAN	
3.801	0.75	0.1	0.1	7.5	NAN	
3.901	0.78	0.165	0.165	7.8	NAN	
4.001	0.81	0.335	0.335	8.1	NAN	
4.101	0.93	0.675	0.675	9.3	NAN	
4.201	0.87	0.805	0.805	8.7	NAN	
4.301	0.885	1.195	1.195	8.85	NAN	
4.401	0.9	1.605	1.605	9	NAN	
4.501	0.93	2.1	2.1	9.3	NAN	
4.601	0.96	2.605	2.605	9.6	NAN	
4.701	0.99	2.91	2.91	9.9	NAN	
4.801	1.005	2.755	2.755	10.05	NAN	
4.901	1.035	2.13	2.13	10.35	NAN	
5.001	1.065	1.39	1.39	10.65	NAN	
5.101	1.095	0.8	0.8	10.95	NAN	
5.201	1.125	0.42	0.42	11.25	NAN	
5.301	1.14	0.23	0.23	11.4	NAN	
5.401	1.17	0.1	0.1	11.7	NAN	
5.501	1.2	0.095	0.095	12	NAN	
5.601	1.23	0.12	0.12	12.3	NAN	
5.701	1.245	0.255	0.255	12.45	NAN	
5.801	1.275	0.485	0.485	12.75	NAN	
5.901	1.29	0.825	0.825	12.9	NAN	
6.001	1.32	1.25	1.25	13.2	NAN	
6.101	1.35	1.755	1.755	13.5	NAN	
6.201	1.38	2.39	2.39	13.8	NAN	
6.301	1.41	3.14	3.14	14.1	NAN	
6.401	1.425	3.9	3.9	14.25	NAN	
6.501	1.455	4.61	4.61	14.55	NAN	
6.601	1.485	4.865	4.865	14.85	NAN	
6.701	1.515	4.445	4.445	15.15	NAN	
6.801	1.53	3.475	3.475	15.3	NAN	
6.901	1.56	2.32	2.32	15.6	NAN	
7.001	1.575	1.44	1.44	15.75	NAN	
7.101	1.605	0.8	0.8	16.05	NAN	
7.201	1.635	0.43	0.43	16.35	NAN	
7.301	1.665	0.235	0.235	16.65	NAN	
7.401	1.68	0.175	0.175	16.8	NAN	
7.501	1.71	0.285	0.285	17.1	NAN	
7.601	1.74	0.505	0.505	17.4	NAN	
7.701	1.77	0.83	0.83	17.7	NAN	
7.801	1.8	1.305	1.305	18	NAN	
7.901	1.815	1.93	1.93	18.15	NAN	
8.001	1.845	2.68	2.68	18.45	NAN	
8.101	1.875	3.595	3.595	18.75	NAN	
8.201	1.905	4.58	4.58	19.05	NAN	
8.301	1.92	5.615	5.615	19.2	NAN	
8.401	1.935	6.42	6.42	19.35	NAN	
8.501	1.965	6.795	6.795	19.65	NAN	
8.601	1.995	6.36	6.36	19.95	NAN	
8.701	2.025	5.285	5.285	20.25	NAN	
8.801	2.055	4	4	20.55	NAN	
8.901	2.07	2.74	2.74	20.7	NAN	
9.001	2.1	1.78	1.78	21	NAN	
9.101	2.13	1.02	1.02	21.3	NAN	
9.201	2.16	0.615	0.615	21.6	NAN	
9.301	2.19	0.5	0.5	21.9	NAN	
9.401	2.205	0.49	0.49	22.05	NAN	
9.501	2.235	0.7	0.7	22.35	NAN	
9.601	2.25	1.12	1.12	22.5	NAN	
9.701	2.28	1.555	1.555	22.8	NAN	
9.801	2.31	2.37	2.37	23.1	NAN	
9.901	2.325	3.275	3.275	23.25	NAN	
10.001	2.355	4.41	4.41	23.55	NAN	
10.101	2.385	5.555	5.555	23.85	NAN	
10.201	2.415	6.875	6.875	24.15	NAN	
10.301	2.445	7.995	7.995	24.45	NAN	
10.401	2.46	8.625	8.625	24.6	NAN	
10.501	2.49	8.42	8.42	24.9	NAN	
10.601	2.52	7.62	7.62	25.2	NAN	
10.701	2.55	6.445	6.445	25.5	NAN	
10.801	2.565	4.83	4.83	25.65	NAN	
10.901	2.58	3.615	3.615	25.8	NAN	
11.001	2.61	2.515	2.515	26.1	NAN	
11.101	2.64	1.68	1.68	26.4	NAN	
11.201	2.67	1.275	1.275	26.7	NAN	
11.301	2.7	1.1	1.1	27	NAN	
11.401	2.715	1.11	1.11	27.15	NAN	
11.501	2.745	1.42	1.42	27.45	NAN	
11.601	2.775	1.93	1.93	27.75	NAN	
11.701	2.805	2.67	2.67	28.05	NAN	
11.801	2.835	3.64	3.64	28.35	NAN	
11.901	2.85	4.825	4.825	28.5	NAN	
12.001	2.88	6.135	6.135	28.8	NAN	
12.101	2.895	7.66	7.66	28.95	NAN	
12.201	2.925	8.945	8.945	29.25	NAN	
12.301	2.955	9.93	9.93	29.55	NAN	
12.401	2.97	10.245	10.245	29.7	NAN	
12.501	3	10.045	10.045	30	NAN	
12.601	3.03	9.205	9.205	30.3	NAN	
12.701	3.06	7.825	7.825	30.6	NAN	
12.801	3.075	6.415	6.415	30.75	NAN	
12.901	3.105	4.99	4.99	31.05	NAN	
13.001	3.135	3.79	3.79	31.35	NAN	
13.101	3.165	2.94	2.94	31.65	NAN	
13.201	3.195	2.54	2.54	31.95	NAN	
13.301	3.195	2.54	2.54	31.95	NAN	
13.401	3.195	2.53	2.53	31.95	NAN	
13.501	3.195	2.525	2.525	31.95	NAN	
13.601	3.195	2.54	2.54	31.95	NAN	
13.701	3.195	2.555	2.555	31.95	NAN	
13.801	3.195	2.52	2.52	31.95	NAN	
13.901	3.195	2.54	2.54	31.95	NAN	
14.001	3.195	2.55	2.55	31.95	NAN	
14.101	3.195	2.54	2.54	31.95	NAN	
14.201	3.195	2.59	2.59	31.95	NAN	
14.301	3.195	2.615	2.615	31.95	NAN	
14.401	3.195	2.545	2.545	31.95	NAN	
14.501	3.195	2.54	2.54	31.95	NAN	
14.601	3.195	2.54	2.54	31.95	NAN	
14.701	3.195	2.525	2.525	31.95	NAN	
14.801	3.195	2.485	2.485	31.95	NAN	
14.901	3.195	2.545	2.545	31.95	NAN	
