MIN=0	0	0	-0.1	0	0	
MAX=15	30	10	13	30	5	
SCALE=5	10	5	5	10	1	
DEC=1	2	2	2	2	2	
DEF="Time" t / s	"Voltage" U_A1 / V	"Voltage" U_B1 / V	"Collector Current" I_A / nA	"Acceleration Voltage" U_2 / V	"Frequency" f / Hz	
0	0.27	0.6	0.6	2.7	NAN	
0.1	0.03	-0.02	-0.02	0.3	NAN	
0.2	0.15	0.01	0.01	1.5	NAN	
0.3	0.225	0.03	0.03	2.25	NAN	
0.4	0.18	0.015	0.015	1.8	NAN	
0.5	0.21	-0.01	-0.01	2.1	NAN	
0.6	0.165	-0.03	-0.03	1.65	NAN	
0.7	0.18	-0.03	-0.03	1.8	NAN	
0.8	0.21	-0.015	-0.015	2.1	NAN	
0.9	0.225	-0.02	-0.02	2.25	NAN	
1	0.24	-0.02	-0.02	2.4	NAN	
1.1	0.285	0.005	0.005	2.85	NAN	
1.2	0.3	0.025	0.025	3	NAN	
1.3	0.33	0.035	0.035	3.3	NAN	
1.4	0.36	0.095	0.095	3.6	NAN	
1.5	0.39	0.27	0.27	3.9	NAN	
1.6	0.39	0.475	0.475	3.9	NAN	
1.7	0.42	0.75	0.75	4.2	NAN	
1.8	0.45	0.96	0.96	4.5	NAN	
1.9	0.48	1.29	1.29	4.8	NAN	
2	0.51	1.465	1.465	5.1	NAN	
2.1	0.54	1.265	1.265	5.4	NAN	
2.2	0.555	0.925	0.925	5.55	NAN	
2.3	0.585	0.615	0.615	5.85	NAN	
2.4	0.615	0.27	0.27	6.15	NAN	
2.5	0.645	0.13	0.13	6.45	NAN	
2.6	0.675	0.04	0.04	6.75	NAN	
2.7	0.69	0.02	0.02	6.9	NAN	
2.8	0.72	0.04	0.04	7.2	NAN	
2.9	0.735	0.085	0.085	7.35	NAN	
3	0.765	0.2	0.2	7.65	NAN	
3.1	0.795	0.385	0.385	7.95	NAN	
3.2	0.825	0.69	0.69	8.25	NAN	
3.3	0.84	1.02	1.02	8.4	NAN	
3.4	0.87	1.445	1.445	8.7	NAN	
3.5	0.9	1.86	1.86	9	NAN	
3.6	0.93	2.415	2.415	9.3	NAN	
3.7	0.96	3.075	3.075	9.6	NAN	
3.8	0.975	3.53	3.53	9.75	NAN	
3.9	1.005	3.5	3.5	10.05	NAN	
4	1.035	2.82	2.82	10.35	NAN	
4.1	1.065	1.895	1.895	10.65	NAN	
4.2	1.08	1.14	1.14	10.8	NAN	
4.3	1.11	0.6	0.6	11.1	NAN	
4.4	1.125	0.285	0.285	11.25	NAN	
4.5	1.155	0.125	0.125	11.55	NAN	
4.6	1.185	0.095	0.095	11.85	NAN	
4.7	1.215	0.13	0.13	12.15	NAN	
4.8	1.245	0.33	0.33	12.45	NAN	
4.9	1.26	0.595	0.595	12.6	NAN	
5	1.29	0.98	0.98	12.9	NAN	
5.1	1.32	1.46	1.46	13.2	NAN	
5.2	1.35	2	2	13.5	NAN	
5.3	1.38	2.77	2.77	13.8	NAN	
5.4	1.395	3.525	3.525	13.95	NAN	
5.5	1.41	4.51	4.51	14.1	NAN	
5.6	1.44	5.38	5.38	14.4	NAN	
5.7	1.47	5.93	5.93	14.7	NAN	
5.8	1.5	5.765	5.765	15	NAN	
5.9	1.515	4.815	4.815	15.15	NAN	
6	1.545	3.525	3.525	15.45	NAN	
6.1	1.575	2.325	2.325	15.75	NAN	
6.2	1.605	1.38	1.38	16.05	NAN	
6.3	1.635	0.735	0.735	16.35	NAN	
6.4	1.65	0.35	0.35	16.5	NAN	
6.5	1.68	0.305	0.305	16.8	NAN	
6.6	1.71	0.395	0.395	17.1	NAN	
6.7	1.74	0.57	0.57	17.4	NAN	
6.8	1.755	0.955	0.955	17.55	NAN	
6.9	1.785	1.545	1.545	17.85	NAN	
7	1.8	2.21	2.21	18	NAN	
7.1	1.83	3.02	3.02	18.3	NAN	
7.2	1.86	3.985	3.985	18.6	NAN	
7.3	1.89	5.025	5.025	18.9	NAN	
7.4	1.92	6.29	6.29	19.2	NAN	
7.5	1.935	7.375	7.375	19.35	NAN	
7.6	1.965	8.19	8.19	19.65	NAN	
7.7	1.995	8.22	8.22	19.95	NAN	
7.8	2.025	7.395	7.395	20.25	NAN	
7.9	2.04	6.015	6.015	20.4	NAN	
8	2.07	4.59	4.59	20.7	NAN	
8.1	2.085	3.115	3.115	20.85	NAN	
8.2	2.115	2.06	2.06	21.15	NAN	
8.3	2.145	1.35	1.35	21.45	NAN	
8.4	2.16	0.985	0.985	21.6	NAN	
8.5	2.19	0.9	0.9	21.9	NAN	
8.6	2.22	1.045	1.045	22.2	NAN	
8.7	2.25	1.42	1.42	22.5	NAN	
8.8	2.28	1.98	1.98	22.8	NAN	
8.9	2.295	2.74	2.74	22.95	NAN	
9	2.325	3.73	3.73	23.25	NAN	
9.1	2.355	4.795	4.795	23.55	NAN	
9.2	2.385	6.12	6.12	23.85	NAN	
9.3	2.415	7.66	7.66	24.15	NAN	
9.4	2.415	8.99	8.99	24.15	NAN	
9.5	2.445	10.085	10.085	24.45	NAN	
9.6	2.475	10.245	10.245	24.75	NAN	
9.7	2.505	10.245	10.245	25.05	NAN	
9.8	2.535	9.29	9.29	25.35	NAN	
9.9	2.55	7.83	7.83	25.5	NAN	
10	2.58	6.165	6.165	25.8	NAN	
10.1	2.61	4.67	4.67	26.1	NAN	
10.2	2.64	3.525	3.525	26.4	NAN	
10.3	2.67	2.695	2.695	26.7	NAN	
10.4	2.685	2.25	2.25	26.85	NAN	
10.5	2.715	2.11	2.11	27.15	NAN	
10.6	2.745	2.27	2.27	27.45	NAN	
10.7	2.76	2.665	2.665	27.6	NAN	
10.8	2.79	3.405	3.405	27.9	NAN	
10.9	2.805	4.315	4.315	28.05	NAN	
11	2.835	5.52	5.52	28.35	NAN	
11.1	2.865	6.97	6.97	28.65	NAN	
11.2	2.895	8.58	8.58	28.95	NAN	
11.3	2.925	10.24	10.24	29.25	NAN	
11.4	2.94	10.245	10.245	29.4	NAN	
11.5	2.97	10.245	10.245	29.7	NAN	
11.6	3	10.245	10.245	30	NAN	
11.7	3.03	10.245	10.245	30.3	NAN	
11.8	3.045	10.245	10.245	30.45	NAN	
11.9	3.075	10.245	10.245	30.75	NAN	
12	3.09	8.835	8.835	30.9	NAN	
12.1	3.12	7.37	7.37	31.2	NAN	
12.2	3.15	6.085	6.085	31.5	NAN	
12.3	3.18	5.185	5.185	31.8	NAN	
12.4	3.195	5.035	5.035	31.95	NAN	
12.5	3.195	5.06	5.06	31.95	NAN	
12.6	3.195	5.07	5.07	31.95	NAN	
12.7	3.195	5.08	5.08	31.95	NAN	
12.8	3.195	5.095	5.095	31.95	NAN	
12.9	3.195	5.065	5.065	31.95	NAN	
13	3.195	5.065	5.065	31.95	NAN	
13.1	3.195	5.08	5.08	31.95	NAN	
13.2	3.195	5.075	5.075	31.95	NAN	
13.3	3.195	5.085	5.085	31.95	NAN	
13.4	3.195	5.04	5.04	31.95	NAN	
13.5	3.195	5.095	5.095	31.95	NAN	
13.6	3.195	5.09	5.09	31.95	NAN	
13.7	3.195	5.03	5.03	31.95	NAN	
13.8	3.195	5.105	5.105	31.95	NAN	
13.9	3.195	5.105	5.105	31.95	NAN	
14	3.195	5.11	5.11	31.95	NAN	
14.1	3.195	5.1	5.1	31.95	NAN	
14.2	3.195	5.105	5.105	31.95	NAN	
14.3	3.195	5.105	5.105	31.95	NAN	
14.4	3.195	5.1	5.1	31.95	NAN	
14.5	3.195	5.1	5.1	31.95	NAN	
14.6	3.195	5.115	5.115	31.95	NAN	
14.7	3.195	5.055	5.055	31.95	NAN	
14.8	3.195	5.095	5.095	31.95	NAN	
14.9	3.195	5.11	5.11	31.95	NAN	
15	3.195	5.095	5.095	31.95	NAN	
